This is a data set from Simonoff [1996]. It contains the 
grape yields (in number of lugs) for the harvests from 1989 
through 1991. The predictor variable is the row number, and 
the response is the total lug counts for the three years.

row =

     1
     2
     3
     4
     5
     6
     7
     8
     9
    10
    11
    12
    13
    14
    15
    16
    17
    18
    19
    20
    21
    22
    23
    24
    25
    26
    27
    28
    29
    30
    31
    32
    33
    34
    35
    36
    37
    38
    39
    40
    41
    42
    43
    44
    45
    46
    47
    48
    49
    50
    51
    52

totlugcount =

   15.5000
   28.5000
   32.0000
   32.0000
   35.0000
   33.5000
   34.0000
   35.5000
   35.5000
   41.0000
   37.0000
   38.0000
   36.5000
   36.0000
   36.0000
   41.5000
   38.5000
   41.0000
   35.5000
   40.0000
   39.0000
   42.0000
   37.5000
   39.0000
   36.0000
   39.5000
   34.0000
   40.0000
   29.0000
   34.5000
   26.0000
   25.5000
   25.0000
   25.0000
   26.0000
   30.0000
   30.0000
   29.0000
   30.0000
   28.0000
   31.0000
   26.5000
   26.5000
   29.5000
   31.0000
   23.0000
   20.0000
   20.0000
   19.5000
   17.5000
   16.0000
    5.0000


